0 0.7926682692307693 0.22295673076923078 0.14783653846153846 0.09975961538461539
0 0.9441105769230769 0.17307692307692307 0.1045673076923077 0.07692307692307693
0 0.9639423076923077 0.31009615384615385 0.0673076923076923 0.08653846153846154
0 0.8707932692307693 0.35697115384615385 0.14543269230769232 0.09375
0 0.9561298076923077 0.4495192307692308 0.08533653846153846 0.11057692307692307
0 0.8725961538461539 0.5480769230769231 0.19230769230769232 0.1201923076923077
0 0.7560096153846154 0.5090144230769231 0.12740384615384615 0.09975961538461539
0 0.9399038461538461 0.6382211538461539 0.11057692307692307 0.09375
0 0.9200721153846154 0.7578125 0.15264423076923078 0.10697115384615384
0 0.7980769230769231 0.8461538461538461 0.1346153846153846 0.08653846153846154
0 0.7926682692307693 0.7608173076923077 0.14783653846153846 0.09375
0 0.6418269230769231 0.7427884615384616 0.1778846153846154 0.11057692307692307
0 0.5811298076923077 0.8305288461538461 0.15745192307692307 0.09375
0 0.42427884615384615 0.7800480769230769 0.19951923076923078 0.13701923076923078
0 0.5228365384615384 0.6376201923076923 0.18028846153846154 0.10697115384615384
0 0.6394230769230769 0.5540865384615384 0.13942307692307693 0.09375
0 0.5775240384615384 0.453125 0.15985576923076922 0.09375
0 0.6538461538461539 0.36778846153846156 0.18269230769230768 0.11057692307692307
0 0.3485576923076923 0.41586538461538464 0.20192307692307693 0.09615384615384616
0 0.1875 0.4405048076923077 0.18269230769230768 0.11658653846153846
0 0.1328125 0.6754807692307693 0.15985576923076922 0.09615384615384616
0 0.28725961538461536 0.6688701923076923 0.18509615384615385 0.11658653846153846
0 0.18329326923076922 0.16766826923076922 0.1502403846153846 0.09014423076923077
0 0.2692307692307692 0.24579326923076922 0.17307692307692307 0.10697115384615384
0 0.4020432692307692 0.15925480769230768 0.14543269230769232 0.0829326923076923
0 0.7602163461538461 0.11598557692307693 0.10216346153846154 0.0733173076923077
0 0.6688701923076923 0.20372596153846154 0.10216346153846154 0.08052884615384616
0 0.53125 0.3191105769230769 0.11538461538461539 0.09014423076923077
0 0.5048076923076923 0.2361778846153846 0.11057692307692307 0.0733173076923077
0 0.16766826923076922 0.07091346153846154 0.09014423076923077 0.06009615384615385
0 0.1700721153846154 0.34314903846153844 0.1622596153846154 0.09975961538461539
0 0.4254807692307692 0.5252403846153846 0.17307692307692307 0.10336538461538461
0 0.06129807692307692 0.42127403846153844 0.11298076923076923 0.0829326923076923
0 0.3816105769230769 0.06430288461538461 0.09014423076923077 0.06610576923076923
