5 0.6316105769230769 0.21394230769230768 0.4074519230769231 0.2548076923076923
5 0.2956730769230769 0.14122596153846154 0.1875 0.15745192307692307
5 0.6772836538461539 0.1063701923076923 0.26802884615384615 0.19831730769230768
5 0.46334134615384615 0.3239182692307692 0.34975961538461536 0.2439903846153846
5 0.23858173076923078 0.4014423076923077 0.40024038461538464 0.2548076923076923
5 0.7518028846153846 0.5877403846153846 0.47475961538461536 0.2956730769230769
5 0.38461538461538464 0.5240384615384616 0.3269230769230769 0.15384615384615385
5 0.08353365384615384 0.8539663461538461 0.16706730769230768 0.21754807692307693
5 0.3816105769230769 0.8118990384615384 0.2247596153846154 0.25841346153846156
5 0.8563701923076923 0.8888221153846154 0.2800480769230769 0.20552884615384615
