2 0.47836538461538464 0.4441105769230769 0.1346153846153846 0.12379807692307693
2 0.41947115384615385 0.6009615384615384 0.17548076923076922 0.1346153846153846
2 0.17487980769230768 0.5853365384615384 0.1622596153846154 0.14182692307692307
2 0.48197115384615385 0.7872596153846154 0.18028846153846154 0.14182692307692307
2 0.0811298076923077 0.8659855769230769 0.1622596153846154 0.11177884615384616
2 0.84375 0.8179086538461539 0.19230769230769232 0.11658653846153846
2 0.6478365384615384 0.9423076923076923 0.13701923076923078 0.10096153846153846
2 0.5673076923076923 0.640625 0.11538461538461539 0.12740384615384615
2 0.8479567307692307 0.5174278846153846 0.14783653846153846 0.1502403846153846
2 0.6694711538461539 0.5498798076923077 0.12259615384615384 0.1045673076923077
