22 0.7205528846153846 0.43569711538461536 0.15264423076923078 0.11658653846153846
22 0.8924278846153846 0.4813701923076923 0.2127403846153846 0.11658653846153846
22 0.9248798076923077 0.75 0.14783653846153846 0.1201923076923077
22 0.7998798076923077 0.7854567307692307 0.2920673076923077 0.15745192307692307
22 0.8689903846153846 0.9032451923076923 0.25721153846153844 0.15745192307692307
22 0.47896634615384615 0.7692307692307693 0.20793269230769232 0.1201923076923077
22 0.6670673076923077 0.6231971153846154 0.18028846153846154 0.11658653846153846
22 0.6460336538461539 0.5372596153846154 0.15745192307692307 0.07451923076923077
22 0.5012019230769231 0.5582932692307693 0.18990384615384615 0.1502403846153846
22 0.2403846153846154 0.44290865384615385 0.17307692307692307 0.11658653846153846
22 0.11177884615384616 0.5697115384615384 0.18990384615384615 0.1201923076923077
22 0.12439903846153846 0.6917067307692307 0.20552884615384615 0.13822115384615385
22 0.19891826923076922 0.9176682692307693 0.2247596153846154 0.15745192307692307
22 0.27283653846153844 0.6316105769230769 0.19951923076923078 0.12379807692307693
22 0.0733173076923077 0.3449519230769231 0.1466346153846154 0.15144230769230768
