9 0.8010817307692307 0.10096153846153846 0.22716346153846154 0.12980769230769232
9 0.28725961538461536 0.14423076923076922 0.3485576923076923 0.1201923076923077
9 0.5961538461538461 0.2956730769230769 0.44711538461538464 0.11538461538461539
9 0.875 0.20252403846153846 0.23557692307692307 0.16947115384615385
9 0.8485576923076923 0.3737980769230769 0.23076923076923078 0.19471153846153846
9 0.5066105769230769 0.37740384615384615 0.33052884615384615 0.11538461538461539
9 0.3161057692307692 0.4639423076923077 0.5841346153846154 0.15865384615384615
9 0.7367788461538461 0.5661057692307693 0.5072115384615384 0.24278846153846154
9 0.3347355769230769 0.6628605769230769 0.3088942307692308 0.12379807692307693
9 0.43810096153846156 0.7986778846153846 0.390625 0.20793269230769232
